Turbine1 = [1.730     8.267     8.267     0.790   0.271     0.000  640374.1  5293973.3  640374.1+5293973.3;
    2.595     7.641    10.480     0.780     0.266     0.000  531883.1  4064124.3  8302987.0;
    3.460     7.288     9.924     0.790     0.271     0.000  496991.7  3622062.3  7482792.2;
    4.316     7.077     9.706     0.790     0.271     0.000  468505.9  3315575.4  6911991.3;
    5.159     6.941     9.519     0.790     0.271     0.000  450492.2  3126700.4  6561746.0;
    6.000     6.833     9.371     0.790     0.271     0.000  436369.9  2981577.3  6293764.4;
    6.845     6.740     9.244     0.790     0.271     0.000  424338.4  2859958.8  6063014.4;
    7.689     6.663     9.138     0.790     0.271     0.000  414476.6  2761582.6  5870399.4;
    8.538     6.601     9.053     0.790     0.271     0.000  406648.5  2684337.8  5715859.8;
    9.391     6.551     8.985     0.790     0.271     0.000  400339.5  2622682.2  5591481.8;
   10.247     6.508     8.925     0.790     0.271     0.000  394846.6  2569469.2  5483858.9;
   11.109     6.466     8.868     0.790     0.271     0.000  389626.7  2519257.4  5381462.8;
   11.972     6.424     8.811     0.790     0.271     0.000  384495.6  2470158.6  5279980.8;
   12.834     6.383     8.755     0.790     0.271     0.000  379468.0  2422255.1  5180137.3;
   13.695     6.343     8.700     0.790     0.271     0.000  374630.2  2376348.4  5085023.4;
   14.557     6.305     8.647     0.790     0.271     0.000  370054.3  2333112.6  4997630.8;
   15.420     6.269     8.597     0.790     0.271     0.000  365785.5  2292959.5  4919942.5;
   16.286     6.235     8.551     0.790     0.271     0.000  361805.5  2255694.0  4852008.1;
   17.153     6.202     8.506     0.790     0.271     0.000  358055.5  2220743.7  4792479.4;
   18.020     6.171     8.463     0.790     0.271     0.000  354411.6  2186938.0  4738482.5;
   18.887     6.138     8.419     0.790     0.271     0.000  350703.5  2152708.5  4686406.0;
   19.754     6.104     8.371     0.790     0.271     0.000  346755.7  2116470.1  4632979.9;
   20.621     6.066     8.319     0.790     0.271     0.000  342430.1  2077017.7  4576216.1;
   21.488     6.023     8.261     0.790     0.271     0.000  337661.8  2033828.0  4515867.5;
   22.355     5.977     8.197     0.790     0.271     0.000  332468.8  1987135.9  4453235.5;
   23.222     5.927     8.129     0.790     0.271     0.000  326939.8  1937807.2  4390624.7;
   24.089     5.875     8.058     0.790     0.271     0.000  321212.2  1887127.4  4330875.7;
   24.956     5.822     7.985     0.790     0.271     0.000  315584.8  1837385.0  4277815.6;
   25.824     5.770     7.915     0.791     0.271     0.000  310569.8  1792035.2  4236123.2;
   26.692     5.721     7.851     0.791     0.272     0.000  305788.0  1749305.4  4204343.3;
   27.560     5.676     7.793     0.792     0.272     0.000  301477.4  1711142.0  4183325.6;
   28.429     5.637     7.744     0.798     0.275     0.000  301963.1  1702313.9  4195429.2;
   29.297     5.603     7.728     0.798     0.275     0.000  298345.4  1671508.2  4186172.1;
   30.165     5.577     7.693     0.798     0.275     0.000  295883.3  1650090.9  4184020.9;
   31.033     5.559     7.672     0.798     0.275     0.000  294217.0  1635678.8  4184473.5;
   31.902     5.550     7.660     0.798     0.276     0.000  293306.0  1627837.8  4186151.1;
   32.771     5.548     7.658     0.798     0.276     0.000  293146.0  1626517.6  4189297.8;
   33.640     5.555     7.668     0.798     0.275     0.000  293761.4  1631908.1  4195556.4;
   34.510     5.570     7.687     0.798     0.275     0.000  295131.6  1643812.6  4206925.7;
   35.380     5.590     7.715     0.798     0.275     0.000  297113.6  1660990.3  4224406.5;
   36.250     5.614     7.746     0.798     0.275     0.000  299431.2  1681067.4  4246944.7;
   37.120     5.638     7.776     0.792     0.272     0.000  297580.5  1677643.8  4247677.3;
   37.990     5.662     7.778     0.792     0.272     0.000  300193.4  1699652.0  4273124.5;
   38.861     5.680     7.803     0.792     0.272     0.000  301984.5  1715352.2  4287984.9;
   39.732     5.694     7.820     0.792     0.272     0.000  303288.8  1726826.6  4291192.8;
   40.603     5.704     7.833     0.792     0.272     0.000  304254.4  1735396.3  4282848.3;
   41.474     5.712     7.844     0.792     0.272     0.000  305065.1  1742619.3  4265941.1;
   42.345     5.720     7.854     0.791     0.272     0.000  305839.4  1749469.6  4245196.9;
   43.216     5.728     7.864     0.791     0.272     0.000  306600.3  1756102.8  4225642.3;
   44.087     5.734     7.872     0.791     0.272     0.000  307290.3  1762002.8  4211156.0;
   44.958     5.738     7.878     0.791     0.272     0.000  307808.4  1766307.2  4203366.4;
   45.829     5.740     7.879     0.791     0.272     0.000  308050.5  1768145.5  4201279.8;
   46.700     5.738     7.877     0.791     0.272     0.000  307943.8  1766925.3  4201932.6;
   47.571     5.732     7.869     0.791     0.272     0.000  307471.5  1762541.4  4201933.4;
   48.442     5.724     7.858     0.791     0.272     0.000  306685.2  1755481.1  4199170.4;
   49.313     5.714     7.845     0.792     0.272     0.000  305699.8  1746769.3  4193715.4;
   50.184     5.704     7.832     0.792     0.272     0.000  304664.7  1737713.9  4187408.4;
   51.055     5.694     7.820     0.792     0.272     0.000  303716.4  1729483.2  4182407.0;
   51.927     5.687     7.810     0.792     0.272     0.000  302923.4  1722639.2  4179498.5;
   52.799     5.680     7.802     0.792     0.272     0.000  302255.9  1716883.4  4177077.4;
   53.671     5.674     7.793     0.792     0.272     0.000  301590.8  1711114.7  4171406.6;
   54.543     5.665     7.782     0.792     0.272     0.000  300766.2  1703896.6  4158231.5;
   55.415     5.653     7.766     0.792     0.272     0.000  299649.8  1694060.0  4134907.1;
   56.287     5.638     7.746     0.798     0.275     0.000  302363.1  1704698.8  4125345.4;
   57.159     5.615     7.745     0.798     0.275     0.000  299958.7  1684292.8  4080895.9;
   58.031     5.592     7.714     0.798     0.275     0.000  297824.0  1665479.9  4037934.9;
   58.903     5.571     7.686     0.798     0.275     0.000  295845.4  1648123.8  3999458.1;
   59.776     5.553     7.663     0.798     0.275     0.000  294217.4  1633855.4  3968598.8;
   60.649     5.541     7.647     0.799     0.276     0.000  293074.9  1623830.2  3946171.5;
   61.521     5.534     7.639     0.799     0.276     0.000  292481.7  1618592.2  3930922.8;
   62.393     5.533     7.638     0.799     0.276     0.000  292426.8  1618041.1  3920369.8;
   63.265     5.537     7.644     0.799     0.276     0.000  292842.5  1621580.7  3911828.1;
   64.137     5.545     7.655     0.798     0.276     0.000  293621.6  1628275.1  3903064.2;
   65.009     5.556     7.669     0.798     0.275     0.000  294637.3  1637033.8  3892611.5;
   65.882     5.568     7.685     0.798     0.275     0.000  295765.1  1646816.7  3879803.5;
   66.754     5.580     7.701     0.798     0.275     0.000  296896.0  1656733.0  3864727.6;
   67.627     5.592     7.716     0.798     0.275     0.000  297956.3  1666198.9  3847922.5;
   68.499     5.603     7.731     0.798     0.275     0.000  298901.0  1674838.9  3830316.4;
   69.371     5.614     7.744     0.798     0.275     0.000  299715.2  1682477.2  3812842.7;
   70.243     5.622     7.756     0.792     0.272     0.000  296247.4  1665645.6  3772951.3;
   71.115     5.634     7.741     0.798     0.275     0.000  301545.1  1698754.6  3785647.9;
   71.987     5.637     7.775     0.792     0.272     0.000  297324.2  1675911.2  3745222.3;
   72.859     5.642     7.751     0.792     0.272     0.000  298005.8  1681255.6  3735662.6;
   73.731     5.643     7.754     0.792     0.272     0.000  298103.2  1682185.6  3723880.7;
   74.603     5.641     7.751     0.792     0.272     0.000  297962.2  1680876.5  3711321.5;
